x( t=0 ) = [ 0.00402305  0.26835735  0.27300322  0.07937018  0.1471873   0.09162173
  0.03093733  0.06733472  0.02045203  0.01771309]
x( t=100 ) = [  4.06913632e-03   2.21420766e-04   1.25131715e-02   1.30258850e-02
   1.06147350e-02   2.91128297e-02   3.54006089e-02   3.08964746e-02
   4.47057314e-01   4.17088424e-01]
[4, 2, 2, 3, 5, 3, 4, 3, 1, 1]
x( t=0 ) = [ 0.02480889  0.00599495  0.31345921  0.35835668  0.00706104  0.01176891
  0.11931731  0.04366613  0.04259613  0.07297076]
x( t=100 ) = [  1.96854962e-02   4.54841279e-01   2.75259191e-02   2.38543702e-02
   3.80117711e-01   6.40295987e-02   3.75142025e-04   2.67744986e-03
   2.45138380e-02   2.37919566e-03]
[3, 1, 4, 4, 1, 3, 5, 2, 2, 5]
x( t=0 ) = [ 0.04931937  0.01813088  0.18908764  0.00245007  0.04151566  0.27790852
  0.15333789  0.14202204  0.00779668  0.11843125]
x( t=100 ) = [ 0.00623503  0.03585131  0.0047862   0.42359279  0.01977859  0.00644707
  0.04321628  0.03281737  0.40943932  0.01783604]
[2, 5, 4, 1, 2, 4, 3, 3, 1, 4]
x( t=0 ) = [ 0.00112666  0.13344154  0.24964727  0.07526791  0.09703792  0.03375968
  0.01414218  0.09249763  0.10935689  0.19372231]
x( t=100 ) = [ 0.02010836  0.05014849  0.01978177  0.02339649  0.41349391  0.00681348
  0.0193168   0.4312456   0.00758568  0.00810944]
[2, 3, 4, 3, 1, 2, 2, 1, 3, 4]
x( t=0 ) = [ 0.20157211  0.03980232  0.00262767  0.07687856  0.05833278  0.03139109
  0.20777648  0.04802574  0.28013812  0.05345513]
x( t=100 ) = [ 0.01763008  0.02096744  0.00456949  0.00176348  0.33366914  0.01317094
  0.01547469  0.19320283  0.01120227  0.38834964]
[2, 3, 4, 4, 1, 3, 2, 1, 5, 1]
x( t=0 ) = [ 0.2420779   0.04386924  0.12655924  0.00521893  0.04494213  0.14691794
  0.08484845  0.18828153  0.02021503  0.09706961]
x( t=100 ) = [ 0.0018469   0.43587916  0.01306526  0.03279788  0.41682838  0.01730943
  0.03812711  0.02148909  0.00701142  0.01564538]
[4, 1, 3, 5, 1, 3, 2, 4, 5, 2]
x( t=0 ) = [ 0.02190583  0.0058951   0.22504125  0.26741134  0.10695239  0.17502915
  0.03959528  0.03918705  0.01720523  0.10177738]
x( t=100 ) = [ 0.00126691  0.0010549   0.04337253  0.01282249  0.01278275  0.00431772
  0.52104807  0.35902241  0.02388029  0.02043193]
[2, 5, 4, 4, 3, 4, 1, 1, 2, 3]
x( t=0 ) = [ 0.20652682  0.0422134   0.28865953  0.03390621  0.1796144   0.10425081
  0.02570233  0.03511647  0.0504708   0.03353924]
x( t=100 ) = [ 0.03418081  0.00723746  0.00134666  0.4177536   0.00207762  0.01319761
  0.05443568  0.0090561   0.04180339  0.41891106]
[3, 2, 5, 1, 3, 4, 4, 2, 2, 1]
x( t=0 ) = [ 0.10316481  0.07901106  0.13637925  0.16596327  0.16069072  0.11373976
  0.08084659  0.10080302  0.00516062  0.0542409 ]
x( t=100 ) = [ 0.01485258  0.4085282   0.01143138  0.01156435  0.00305764  0.02202194
  0.46261367  0.05203255  0.00152426  0.01237342]
[2, 1, 4, 3, 3, 4, 1, 2, 5, 5]
x( t=0 ) = [ 0.12397217  0.03591377  0.07848791  0.13801825  0.04156096  0.41374665
  0.05911371  0.01084063  0.05885972  0.03948623]
x( t=100 ) = [ 0.01174424  0.00940695  0.02210773  0.03175879  0.00440117  0.04059931
  0.46027409  0.00908554  0.39466724  0.01595494]
[3, 4, 5, 3, 2, 5, 1, 4, 1, 2]
x( t=0 ) = [ 0.02641024  0.01059234  0.18440872  0.07736777  0.0730634   0.06459761
  0.08208015  0.04400751  0.21864841  0.21882386]
x( t=100 ) = [ 0.03676692  0.03897814  0.01560277  0.0168865   0.00676613  0.01971089
  0.01045808  0.01155749  0.41721253  0.42606055]
[3, 3, 4, 2, 2, 4, 2, 3, 1, 1]
x( t=0 ) = [ 0.08581227  0.06604982  0.07927961  0.01270472  0.18896673  0.13875815
  0.00428191  0.08414184  0.31951354  0.02049142]
x( t=100 ) = [ 0.4063203   0.02934739  0.02495667  0.01236306  0.01259926  0.01234287
  0.01660963  0.42915011  0.01436115  0.04194955]
[1, 3, 3, 2, 4, 4, 2, 1, 5, 2]
x( t=0 ) = [ 0.1795114   0.05935836  0.01129493  0.30614883  0.11008546  0.09119232
  0.00189847  0.03369644  0.06384395  0.14296984]
x( t=100 ) = [ 0.00185435  0.42136297  0.00620627  0.00191719  0.03327337  0.00885549
  0.07727393  0.00176612  0.4355479   0.01194242]
[4, 1, 2, 5, 3, 3, 2, 5, 1, 4]
x( t=0 ) = [ 0.13394438  0.04645108  0.09311613  0.15060904  0.2307865   0.00550223
  0.05854498  0.1163667   0.11387287  0.05080608]
x( t=100 ) = [ 0.02112652  0.0321817   0.01652423  0.03424666  0.02958674  0.01657852
  0.02461105  0.39816489  0.41063602  0.01634368]
[3, 2, 4, 3, 5, 4, 2, 1, 1, 2]
x( t=0 ) = [ 0.29217951  0.1975693   0.07209558  0.01836954  0.05750605  0.07569506
  0.04107976  0.05536638  0.18586009  0.00427874]
x( t=100 ) = [ 0.0039345   0.0069336   0.03754076  0.0177672   0.401713    0.04189457
  0.01177538  0.40924556  0.00463763  0.06455781]
[5, 3, 2, 4, 1, 2, 5, 1, 3, 4]